HiCpA8cN7TM|112|355|20201214
6FvNr_8UnIU|178808|976|20130121
kg7nR4de8mo|148306|966|20130126
wo4CT70U59U|114800|584|20130203
arGDckaAA1A|124218|599|20130212
BNHfhQ-ZerA|114783|659|20130217
LOZCJyjxouI|121732|658|20130225
AdH11Bi6dBg|112953|628|20130302
PFp92r4gKZM|119834|647|20130311
eL99X-OofA8|108625|761|20130316
u4I9x4qqa0I|125672|760|20130324
5qXI8DQNFwo|89299|634|20130404
EcmScEUViZc|105589|660|20130413
N0J4a6Hz-Y8|100346|655|20130420
g_Lw4RL4AHQ|106630|625|20130428
9AKbCDHJ8x0|100887|629|20130511
2fQ3BADl__A|104690|630|20130518
7cA8yJqUad8|90283|651|20130527
sMqGIeC_uLE|108108|652|20130601
YkdYV2HWRjM|107064|648|20130608
s2hdLMzV5-A|140342|711|20130701
dEo6YsNG0eg|122659|750|20130709
sJT_vfVjS7I|96906|613|20130715
wk2Lx15z7SQ|80414|655|20130722
5Aq8cPh9z_4|97585|701|20130728
vg_YhpCh6VY|125589|686|20130813
CkzsneNj3zY|95405|692|20130818
UeRwappKBuo|98866|1195|20130826
lIHtaRzB6OE|96458|650|20130831
Zi0Z8dOsV1U|74079|657|20130907
0vkS-NQDC60|67067|653|20130915
hJVyRMdRMX0|88639|706|20130921
hUtxoGOKCJc|91474|625|20131007
Oxq-WPERMQ8|76840|729|20131012
VLLmVpfttuQ|86844|656|20131019
qQMe7Fslmx8|106364|590|20131027
RsXK3dKUTBk|92522|664|20131103
ey1WbUF0cFY|91131|651|20131111
1c8J9KeSUc4|96775|760|20131117
ZZc4zd79vEg|69877|717|20131125
RAo9vSSb3ug|83676|579|20131201
tVVt_8eS7dk|86199|621|20131207
RnsA81CF6MA|83436|625|20131215
Gf8TeXff0Wk|98596|510|20131222
FqSqMv4WjhU|86577|611|20140113
Ybch-aGUvMQ|91620|661|20140119
iftU5YsOkmQ|97750|813|20140201
9skrjNTwBZI|83005|621|20140216
7aPROrDK214|88634|634|20140223
rs4blSQm-8I|70902|619|20140302
MHCj26tWOaI|79167|625|20140309
8_Kd9u40QDc|81995|674|20140316
3yOLumVHakY|75754|615|20140323
33c34c__Xs0|148362|1204|20140402
8gTPyOq5fRY|91542|684|20140407
TCFyO1Fg3QE|98612|647|20140414
BgRf5eMfubw|87544|625|20140427
